X,Y
3.010000,26.252001
3.010000,26.252001
3.010000,26.253000
3.010000,26.253000
3.009000,26.254000
3.009000,26.257000
3.009000,26.257000
3.009000,26.254000
3.009000,26.254000
3.009000,26.240000
3.012000,26.211000
3.014000,26.169001
3.014000,26.169001
3.019000,26.115000
3.019000,26.115000
3.023000,26.052999
3.023000,26.052999
3.026000,25.981001
3.030000,25.900000
3.030000,25.900000
3.033000,25.809999
3.033000,25.809999
3.038000,25.718000
3.038000,25.718000
3.045000,25.587000
3.045000,25.587000
3.054000,25.493999
3.054000,25.493999
3.063000,25.389999
3.072000,25.268999
3.072000,25.268999
3.083000,25.150999
3.083000,25.150999
3.099000,25.025000
3.099000,25.025000
3.108000,24.886000
3.115000,24.735001
3.115000,24.735001
3.122000,24.580999
3.122000,24.580999
3.126000,24.417000
3.126000,24.417000
3.131000,24.273001
3.140000,24.103001
3.140000,24.103001
3.147000,23.924000
3.147000,23.924000
3.149000,23.722000
3.149000,23.722000
3.154000,23.487000
3.154000,23.487000
3.156000,23.236000
3.157000,22.995001
3.157000,22.995001
3.161000,22.788000
3.161000,22.788000
3.163000,22.533001
3.163000,22.533001
3.169000,22.278999
3.173000,22.065001
3.173000,22.065001
3.173000,22.065001
3.175000,21.823999
3.182000,21.596001
3.185000,21.357000
3.193000,21.129999
3.193000,21.129999
3.197000,20.899000
3.197000,20.899000
3.201000,20.671000
3.207000,20.443001
3.207000,20.443001
3.212000,20.188000
3.212000,20.188000
3.220000,19.969000
3.220000,19.969000
3.227000,19.723000
3.227000,19.723000
3.236000,19.490999
3.236000,19.490999
3.248000,19.254999
3.255000,19.020000
3.255000,19.020000
3.263000,18.784000
3.263000,18.784000
3.267000,18.540001
3.267000,18.540001
3.272000,18.320000
3.277000,18.082001
3.284000,17.886000
3.284000,17.886000
3.282000,17.634001
3.282000,17.634001
3.268000,17.451000
3.268000,17.451000
3.249000,17.278999
3.249000,17.278999
3.233000,17.107000
3.221000,16.917999
3.211000,16.729000
3.211000,16.729000
3.203000,16.533001
3.203000,16.533001
3.193000,16.336000
3.184000,16.136999
3.184000,16.136999
3.181000,15.962000
3.181000,15.962000
3.177000,15.788000
3.177000,15.788000
3.167000,15.615000
3.162000,15.442000
3.162000,15.442000
3.155000,15.286000
3.155000,15.286000
3.147000,15.113000
3.147000,15.113000
3.138000,14.939000
3.138000,14.939000
3.128000,14.767000
3.117000,14.591000
3.117000,14.591000
3.111000,14.420000
3.111000,14.420000
3.105000,14.244000
3.102000,14.071000
3.102000,14.071000
3.098000,13.905000
3.098000,13.905000
3.091000,13.741000
3.087000,13.580000
3.087000,13.580000
3.082000,13.420000
3.079000,13.267000
3.079000,13.267000
3.080000,13.130000
3.080000,13.130000
3.080000,13.130000
3.079000,12.978000
3.076000,12.832000
3.073000,12.692000
3.073000,12.692000
3.071000,12.571000
3.071000,12.571000
3.067000,12.451000
3.067000,12.451000
3.066000,12.338000
3.065000,12.231000
3.065000,12.231000
3.065000,12.231000
3.064000,12.125000
3.064000,12.036000
3.064000,12.036000
3.064000,11.943000
3.064000,11.894000
3.064000,11.894000
3.066000,11.835000
3.068000,11.772000
3.068000,11.772000
3.068000,11.685000
3.068000,11.685000
3.070000,11.607000
3.070000,11.607000
3.068000,11.539000
3.068000,11.484000
3.068000,11.484000
3.071000,11.442000
3.071000,11.442000
3.071000,11.432000
3.072000,11.427000
3.072000,11.427000
3.071000,11.418000
3.071000,11.418000
3.069000,11.406000
3.069000,11.406000
3.068000,11.392000
3.068000,11.392000
3.069000,11.378000
3.069000,11.378000
3.070000,11.362000
3.071000,11.345000
3.071000,11.345000
3.072000,11.322000
3.072000,11.322000
3.072000,11.296000
3.072000,11.296000
3.071000,11.271000
3.071000,11.271000
3.073000,11.248000
3.075000,11.227000
3.075000,11.227000
3.078000,11.205000
3.078000,11.205000
3.078000,11.182000
3.078000,11.182000
3.080000,11.158000
3.081000,11.134000
3.081000,11.111000
3.081000,11.111000
3.084000,11.088000
3.084000,11.088000
3.087000,11.065000
3.087000,11.065000
3.089000,11.042000
3.089000,11.019000
3.089000,11.019000
3.091000,10.998000
3.091000,10.998000
3.093000,10.975000
3.093000,10.975000
3.094000,10.952000
3.099000,10.928000
3.099000,10.928000
3.103000,10.902000
3.103000,10.902000
3.105000,10.877000
3.105000,10.877000
3.108000,10.851000
3.108000,10.851000
3.111000,10.829000
3.111000,10.829000
3.113000,10.808000
3.115000,10.785000
3.115000,10.785000
3.119000,10.764000
3.119000,10.764000
3.122000,10.741000
3.122000,10.741000
3.125000,10.719000
3.130000,10.695000
3.130000,10.695000
3.134000,10.671000
3.138000,10.648000
3.138000,10.648000
3.141000,10.625000
3.141000,10.625000
3.144000,10.605000
3.144000,10.605000
3.147000,10.581000
3.149000,10.558000
3.149000,10.558000
3.153000,10.534000
3.153000,10.534000
3.157000,10.510000
3.157000,10.510000
3.161000,10.489000
3.164000,10.468000
3.164000,10.468000
3.167000,10.445000
3.167000,10.445000
3.170000,10.424000
3.174000,10.402000
3.174000,10.402000
3.178000,10.379000
3.178000,10.379000
3.184000,10.361000
3.184000,10.361000
3.189000,10.339000
3.189000,10.339000
3.184000,10.320000
3.178000,10.304000
3.178000,10.304000
3.174000,10.298000
3.162000,10.299000
3.162000,10.299000
3.158000,10.306000
3.158000,10.306000
3.146000,10.314000
3.146000,10.314000
3.134000,10.323000
3.134000,10.323000
3.130000,10.331000
3.128000,10.337000
3.128000,10.337000
3.130000,10.343000
3.130000,10.343000
3.132000,10.344000
3.133000,10.345000
3.132000,10.346000
3.132000,10.346000
3.136000,10.346000
3.136000,10.346000
3.133000,10.346000
3.133000,10.346000
3.133000,10.346000
3.133000,10.346000
3.132000,10.347000
3.133000,10.347000
3.133000,10.347000
3.134000,10.347000
3.134000,10.347000
3.136000,10.347000
3.136000,10.347000
3.145000,10.344000
3.164000,10.341000
3.164000,10.341000
3.218000,10.341000
3.218000,10.341000
3.285000,10.330000
3.286000,10.326000
3.286000,10.326000
3.285000,10.328000
3.285000,10.328000
3.285000,10.328000
3.286000,10.328000
3.287000,10.329000
3.289000,10.334000
3.289000,10.334000
3.291000,10.336000
3.288000,10.338000
3.288000,10.338000
3.289000,10.339000
3.289000,10.339000
3.290000,10.338000
3.290000,10.338000
3.291000,10.340000
3.291000,10.340000
3.292000,10.341000
3.293000,10.342000
3.293000,10.342000
3.293000,10.340000
3.293000,10.340000
3.287000,10.340000
3.282000,10.340000
3.282000,10.340000
3.275000,10.341000
3.275000,10.341000
3.266000,10.344000
3.266000,10.344000
3.258000,10.343000
3.258000,10.343000
3.249000,10.340000
3.238000,10.338000
3.238000,10.338000
3.227000,10.333000
3.217000,10.328000
3.217000,10.328000
3.206000,10.324000
3.206000,10.324000
3.190000,10.319000
3.190000,10.319000
3.170000,10.313000
3.151000,10.308000
3.151000,10.308000
3.132000,10.302000
3.132000,10.302000
3.112000,10.296000
3.092000,10.292000
3.092000,10.292000
3.069000,10.289000
3.069000,10.289000
3.047000,10.287000
3.047000,10.287000
3.025000,10.285000
3.025000,10.285000
3.003000,10.283000
3.003000,10.283000
2.982000,10.280000
2.961000,10.277000
2.961000,10.277000
2.941000,10.274000
2.921000,10.270000
2.921000,10.270000
2.921000,10.270000
2.900000,10.264000
2.900000,10.264000
2.877000,10.259000
2.857000,10.252000
2.857000,10.252000
2.828000,10.248000
2.800000,10.245000
2.800000,10.245000
2.800000,10.245000
2.773000,10.244000
2.747000,10.244000
2.747000,10.244000
2.726000,10.243000
2.726000,10.243000
2.704000,10.242000
2.683000,10.241000
2.683000,10.241000
2.661000,10.240000
2.661000,10.240000
2.642000,10.238000
2.642000,10.238000
2.622000,10.237000
2.594000,10.235000
2.563000,10.234000
2.563000,10.234000
2.563000,10.234000
2.531000,10.235000
2.502000,10.234000
2.502000,10.234000
2.478000,10.236000
2.453000,10.236000
2.453000,10.236000
2.453000,10.236000
2.431000,10.235000
2.409000,10.237000
2.409000,10.237000
2.388000,10.238000
2.388000,10.238000
2.368000,10.239000
2.346000,10.240000
2.325000,10.242000
2.325000,10.242000
2.305000,10.245000
2.305000,10.245000
2.287000,10.250000
2.287000,10.250000
2.269000,10.255000
2.269000,10.255000
2.248000,10.259000
2.248000,10.259000
2.231000,10.261000
2.233000,10.264000
2.233000,10.264000
2.234000,10.267000
2.230000,10.272000
2.230000,10.272000
2.230000,10.272000
2.206000,10.277000
2.157000,10.282000
2.157000,10.282000
2.094000,10.290000
2.033000,10.297000
2.033000,10.297000
1.974000,10.307000
1.974000,10.307000
1.913000,10.315000
1.913000,10.315000
1.855000,10.323000
1.793000,10.328000
1.793000,10.328000
1.741000,10.333000
1.741000,10.333000
1.692000,10.338000
1.648000,10.343000
1.648000,10.343000
1.648000,10.343000
1.605000,10.350000
1.605000,10.350000
1.557000,10.359000
1.504000,10.365000
1.504000,10.365000
1.450000,10.372000
1.395000,10.378000
1.395000,10.378000
1.342000,10.382000
1.342000,10.382000
1.289000,10.387000
1.237000,10.390000
1.237000,10.390000
1.195000,10.396000
1.142000,10.402000
1.142000,10.402000
1.096000,10.410000
1.096000,10.410000
1.046000,10.416000
1.046000,10.416000
0.991000,10.420000
0.991000,10.420000
0.941000,10.422000
0.893000,10.424000
0.842000,10.428000
0.842000,10.428000
0.793000,10.430000
0.793000,10.430000
0.793000,10.430000
0.741000,10.432000
0.690000,10.435000
0.636000,10.437000
0.636000,10.437000
0.580000,10.440000
0.580000,10.440000
0.524000,10.442000
0.467000,10.441000
0.467000,10.441000
0.412000,10.438000
0.412000,10.438000
0.356000,10.437000
0.301000,10.435000
0.301000,10.435000
0.246000,10.435000
0.246000,10.435000
0.192000,10.437000
0.192000,10.437000
0.136000,10.437000
0.079000,10.436000
0.079000,10.436000
0.022000,10.434000
-0.034000,10.431000
-0.034000,10.431000
-0.034000,10.431000
-0.092000,10.427000
-0.150000,10.426000
-0.150000,10.426000
-0.210000,10.424000
-0.210000,10.424000
-0.274000,10.422000
-0.274000,10.422000
-0.336000,10.424000
-0.396000,10.422000
-0.455000,10.422000
-0.455000,10.422000
-0.455000,10.422000
-0.512000,10.421000
-0.567000,10.416000
-0.567000,10.416000
-0.623000,10.414000
-0.623000,10.414000
-0.680000,10.412000
-0.733000,10.408000
-0.733000,10.408000
-0.733000,10.408000
-0.790000,10.405000
-0.849000,10.402000
-0.912000,10.399000
-0.912000,10.399000
-0.912000,10.399000
-0.968000,10.392000
-1.025000,10.385000
-1.025000,10.385000
-1.081000,10.376000
-1.081000,10.376000
-1.138000,10.367000
-1.202000,10.362000
-1.202000,10.362000
-1.202000,10.362000
-1.264000,10.358000
-1.328000,10.353000
-1.387000,10.349000
-1.387000,10.349000
-1.445000,10.343000
-1.445000,10.343000
-1.506000,10.337000
-1.564000,10.333000
-1.564000,10.333000
-1.620000,10.327000
-1.620000,10.327000
-1.683000,10.324000
-1.683000,10.324000
-1.745000,10.320000
-1.807000,10.316000
-1.807000,10.316000
-1.868000,10.312000
-1.868000,10.312000
-1.925000,10.305000
-1.979000,10.298000
-1.979000,10.298000
-2.036000,10.288000
-2.036000,10.288000
-2.092000,10.282000
-2.092000,10.282000
-2.151000,10.276000
-2.209000,10.269000
-2.209000,10.269000
-2.266000,10.265000
-2.266000,10.265000
-2.329000,10.251000
-2.385000,10.241000
-2.385000,10.241000
-2.430000,10.234000
-2.430000,10.234000
-2.463000,10.228000
-2.485000,10.226000
-2.485000,10.226000
-2.485000,10.226000
-2.514000,10.223000
-2.514000,10.223000
-2.529000,10.221000
-2.529000,10.221000
-2.542000,10.223000
-2.560000,10.222000
-2.560000,10.222000
-2.581000,10.217000
-2.581000,10.217000
-2.606000,10.215000
-2.606000,10.215000
-2.633000,10.213000
-2.661000,10.209000
-2.661000,10.209000
-2.688000,10.209000
-2.714000,10.206000
-2.714000,10.206000
-2.741000,10.201000
-2.741000,10.201000
-2.767000,10.196000
-2.767000,10.196000
-2.796000,10.191000
-2.796000,10.191000
-2.823000,10.186000
-2.850000,10.184000
-2.850000,10.184000
-2.850000,10.184000
-2.899000,10.183000
-2.899000,10.183000
-2.924000,10.182000
-2.924000,10.182000
-2.924000,10.182000
-2.972000,10.177000
-2.972000,10.177000
-2.996000,10.176000
-2.996000,10.176000
-3.022000,10.173000
-3.022000,10.173000
-3.047000,10.173000
-3.071000,10.172000
-3.071000,10.172000
-3.096000,10.170000
-3.096000,10.170000
-3.120000,10.170000
-3.142000,10.168000
-3.142000,10.168000
-3.165000,10.169000
-3.165000,10.169000
-3.187000,10.169000
-3.207000,10.169000
-3.207000,10.169000
-3.227000,10.170000
-3.227000,10.170000
-3.245000,10.173000
-3.245000,10.173000
-3.268000,10.173000
-3.289000,10.174000
-3.289000,10.174000
-3.303000,10.174000
-3.303000,10.174000
-3.313000,10.169000
-3.313000,10.169000
-3.310000,10.163000
-3.302000,10.147000
-3.302000,10.147000
-3.311000,10.140000
-3.311000,10.140000
-3.317000,10.136000
-3.317000,10.136000
-3.305000,10.132000
-3.274000,10.128000
-3.274000,10.128000
-3.230000,10.124000
-3.198000,10.121000
-3.198000,10.121000
-3.188000,10.121000
-3.188000,10.121000
-3.181000,10.137000
-3.181000,10.137000
-3.177000,10.142000
-3.168000,10.146000
-3.161000,10.154000
-3.161000,10.154000
-3.161000,10.154000
-3.168000,10.156000
-3.168000,10.156000
-3.178000,10.159000
-3.185000,10.170000
-3.185000,10.170000
-3.190000,10.177000
-3.194000,10.186000
-3.194000,10.186000
-3.195000,10.191000
-3.195000,10.191000
-3.195000,10.191000
-3.193000,10.187000
-3.193000,10.187000
-3.197000,10.183000
-3.197000,10.183000
-3.203000,10.179000
-3.203000,10.179000
-3.208000,10.177000
-3.217000,10.172000
-3.217000,10.172000
-3.224000,10.166000
-3.224000,10.166000
-3.250000,10.150000
-3.292000,10.124000
-3.292000,10.124000
-3.334000,10.100000
-3.334000,10.100000
-3.370000,10.078000
-3.370000,10.078000
-3.390000,10.065000
-3.399000,10.057000
-3.408000,10.050000
-3.408000,10.050000
-3.408000,10.050000
-3.416000,10.042000
-3.415000,10.040000
-3.415000,10.040000
-3.410000,10.040000
-3.410000,10.040000
-3.406000,10.038000
-3.408000,10.035000
-3.408000,10.035000
-3.416000,10.025000
-3.416000,10.025000
-3.422000,10.013000
-3.427000,10.003000
-3.427000,10.003000
-3.432000,9.992000
-3.432000,9.992000
-3.439000,9.973000
-3.439000,9.973000
-3.446000,9.956000
-3.446000,9.956000
-3.454000,9.933000
-3.462000,9.917000
-3.462000,9.917000
-3.468000,9.899000
-3.468000,9.899000
-3.475000,9.877000
-3.475000,9.877000
-3.479000,9.857000
-3.485000,9.832000
-3.491000,9.811000
-3.491000,9.811000
-3.497000,9.790000
-3.497000,9.790000
-3.504000,9.770000
-3.504000,9.770000
-3.508000,9.746000
-3.514000,9.726000
-3.514000,9.726000
-3.518000,9.705000
-3.522000,9.681000
-3.522000,9.681000
-3.524000,9.658000
-3.522000,9.632000
-3.522000,9.632000
-3.522000,9.608000
-3.522000,9.608000
-3.520000,9.585000
-3.520000,9.585000
-3.522000,9.561000
-3.526000,9.540000
-3.526000,9.540000
-3.528000,9.517000
-3.529000,9.497000
-3.529000,9.497000
-3.527000,9.474000
-3.527000,9.474000
-3.526000,9.452000
-3.523000,9.429000
-3.523000,9.429000
-3.521000,9.404000
-3.521000,9.404000
-3.523000,9.380000
-3.524000,9.359000
-3.524000,9.359000
-3.524000,9.337000
-3.524000,9.337000
-3.524000,9.314000
-3.524000,9.314000
-3.524000,9.289000
-3.524000,9.289000
-3.523000,9.263000
-3.525000,9.242000
-3.525000,9.242000
-3.534000,9.223000
-3.534000,9.223000
-3.542000,9.202000
-3.549000,9.174000
-3.549000,9.174000
-3.554000,9.134000
-3.554000,9.134000
-3.552000,9.082000
-3.552000,9.082000
-3.550000,9.019000
-3.550000,9.019000
-3.552000,8.949000
-3.554000,8.877000
-3.554000,8.877000
-3.555000,8.801000
-3.555000,8.725000
-3.555000,8.725000
-3.555000,8.654000
-3.555000,8.654000
-3.552000,8.586000
-3.550000,8.520000
-3.550000,8.520000
-3.550000,8.460000
-3.550000,8.460000
-3.549000,8.394000
-3.549000,8.394000
-3.548000,8.327000
-3.548000,8.327000
-3.545000,8.264000
-3.543000,8.201000
-3.541000,8.141000
-3.541000,8.141000
-3.538000,8.081000
-3.538000,8.081000
-3.537000,8.020000
-3.535000,7.959000
-3.535000,7.959000
-3.533000,7.895000
-3.533000,7.895000
-3.530000,7.832000
-3.530000,7.832000
-3.527000,7.767000
-3.522000,7.703000
-3.522000,7.703000
-3.519000,7.641000
-3.519000,7.641000
-3.517000,7.578000
-3.514000,7.520000
-3.514000,7.520000
-3.511000,7.460000
-3.509000,7.401000
-3.509000,7.401000
-3.508000,7.344000
-3.508000,7.344000
-3.507000,7.291000
-3.507000,7.291000
-3.507000,7.233000
-3.507000,7.233000
-3.506000,7.179000
-3.503000,7.120000
-3.503000,7.120000
-3.499000,7.061000
-3.497000,7.003000
-3.497000,7.003000
-3.495000,6.944000
-3.495000,6.944000
-3.493000,6.882000
-3.493000,6.882000
-3.492000,6.822000
-3.493000,6.761000
-3.493000,6.761000
-3.490000,6.700000
-3.490000,6.643000
-3.490000,6.643000
-3.489000,6.582000
-3.489000,6.582000
-3.486000,6.525000
-3.486000,6.525000
-3.486000,6.525000
-3.485000,6.468000
-3.485000,6.468000
-3.481000,6.412000
-3.481000,6.412000
-3.482000,6.291000
-3.482000,6.291000
-3.482000,6.230000
-3.482000,6.166000
-3.482000,6.166000
-3.479000,6.098000
-3.479000,6.098000
-3.475000,6.034000
-3.471000,5.969000
-3.471000,5.969000
-3.470000,5.907000
-3.470000,5.907000
-3.467000,5.848000
-3.467000,5.786000
-3.467000,5.786000
-3.467000,5.728000
-3.465000,5.669000
-3.465000,5.669000
-3.465000,5.613000
-3.467000,5.557000
-3.467000,5.557000
-3.470000,5.503000
-3.470000,5.503000
-3.474000,5.445000
-3.474000,5.445000
-3.476000,5.386000
-3.478000,5.333000
-3.478000,5.333000
-3.477000,5.277000
-3.477000,5.277000
-3.479000,5.201000
-3.479000,5.201000
-3.483000,5.146000
-3.483000,5.146000
-3.483000,5.092000
-3.486000,5.037000
-3.487000,4.978000
-3.487000,4.978000
-3.488000,4.914000
-3.488000,4.914000
-3.491000,4.847000
-3.491000,4.847000
-3.493000,4.778000
-3.493000,4.778000
-3.494000,4.693000
-3.495000,4.626000
-3.495000,4.626000
-3.495000,4.561000
-3.495000,4.561000
-3.498000,4.496000
-3.498000,4.496000
-3.500000,4.429000
-3.504000,4.364000
-3.504000,4.364000
-3.504000,4.364000
-3.508000,4.300000
-3.510000,4.238000
-3.510000,4.238000
-3.512000,4.177000
-3.512000,4.177000
-3.512000,4.123000
-3.512000,4.066000
-3.512000,4.066000
-3.514000,4.008000
-3.514000,4.008000
-3.513000,3.945000
-3.515000,3.877000
-3.515000,3.877000
-3.517000,3.811000
-3.517000,3.811000
-3.517000,3.748000
-3.518000,3.686000
-3.518000,3.686000
-3.520000,3.624000
-3.520000,3.624000
-3.520000,3.563000
-3.520000,3.563000
-3.521000,3.501000
-3.521000,3.446000
-3.521000,3.446000
-3.521000,3.391000
-3.522000,3.335000
-3.522000,3.335000
-3.523000,3.276000
-3.523000,3.276000
-3.526000,3.216000
-3.526000,3.216000
-3.528000,3.157000
-3.529000,3.097000
-3.529000,3.097000
-3.532000,3.038000
-3.532000,3.038000
-3.533000,2.980000
-3.534000,2.924000
-3.534000,2.924000
-3.536000,2.868000
-3.536000,2.868000
-3.536000,2.812000
-3.536000,2.812000
-3.536000,2.753000
-3.536000,2.753000
-3.535000,2.695000
-3.534000,2.636000
-3.534000,2.636000
-3.531000,2.581000
-3.531000,2.581000
-3.531000,2.524000
-3.531000,2.466000
-3.531000,2.466000
-3.531000,2.404000
-3.531000,2.404000
-3.531000,2.344000
-3.531000,2.344000
-3.531000,2.344000
-3.529000,2.286000
-3.527000,2.233000
-3.525000,2.189000
-3.525000,2.189000
-3.525000,2.189000
-3.524000,2.154000
-3.523000,2.129000
-3.523000,2.129000
-3.523000,2.115000
-3.523000,2.115000
-3.523000,2.115000
-3.524000,2.117000
-3.524000,2.127000
-3.523000,2.140000
-3.523000,2.140000
-3.523000,2.140000
-3.524000,2.156000
-3.522000,2.172000
-3.522000,2.172000
-3.523000,2.183000
-3.523000,2.183000
-3.523000,2.183000
-3.523000,2.191000
-3.520000,2.198000
-3.520000,2.198000
-3.520000,2.196000
-3.520000,2.196000
-3.520000,2.196000
-3.519000,2.196000
-3.521000,2.197000
-3.521000,2.197000
-3.522000,2.197000
-3.523000,2.197000
-3.523000,2.197000
-3.523000,2.197000
-3.523000,2.196000
-3.522000,2.195000
-3.522000,2.195000
-3.522000,2.195000
-3.522000,2.195000
-3.522000,2.195000
-3.522000,2.195000
-3.521000,2.197000
-3.522000,2.195000
-3.522000,2.195000
-3.522000,2.195000
-3.522000,2.195000
-3.522000,2.195000
-3.522000,2.195000
-3.523000,2.195000
-3.523000,2.195000
-3.523000,2.195000
-3.521000,2.197000
-3.522000,2.197000
-3.522000,2.197000
-3.523000,2.198000
-3.523000,2.198000
-3.522000,2.197000
-3.522000,2.197000
-3.523000,2.199000
-3.521000,2.198000
-3.519000,2.198000
-3.519000,2.198000
-3.519000,2.198000
-3.520000,2.198000
-3.520000,2.198000
